6.344798485772161489e-02
-3.672315592328413980e-01
2.756361787507096150e-01
2.184686720508535185e+00
2.741803178224712090e-01
1.027418409677747224e+00
1.312205258575615208e+00
4.821866440423621669e-01
-7.533638723865411224e-01
-8.580615588146449368e-02
-2.737290667637710118e-01
2.496161094310719863e-02
-5.575722554415363241e-01
1.197162635792585306e+00
-1.793533961057171000e+00
-9.840611028237750135e-01
-1.363077509267891729e+00
4.077005654937102541e-01
6.182735580271045972e-01
3.553487366614548892e-01
4.170377801521096273e-01
1.432722971912912813e-01
1.140839544971913755e+00
9.689027303092272447e-01
1.777817965209310680e+00
-1.442433345513098431e+00
4.497042325711483879e-01
2.578887887173500371e+00
-7.057340453945029068e-01
-1.293174267089248208e-01
1.283640944830167996e+00
8.837901470817348670e-01
-6.466217660034841164e-02
-1.689221041154237990e-01
1.072224139684498700e+00
-7.726862562779798216e-01
1.247900820171796044e+00
2.599354126264454834e-01
-4.761629928617354679e-01
1.573110891631797736e+00
4.386284573181626345e-01
2.136475688035210929e+00
7.220183648189534287e-01
-2.009363910054738245e+00
-5.327802826595667840e-01
-2.637312744777761675e-01
9.090989045917698963e-01
3.605563618900288758e-01
4.304912969352298613e-01
-2.864672934220394152e-01
-6.384529220559396201e-01
-1.373493183397929362e+00
1.595696435623380038e+00
-1.148492338245673983e+00
-7.126538914760416343e-01
7.770283365933348119e-01
-2.035533822177748864e-01
-2.600592692482973645e-01
-3.142233199104031982e-01
-2.981277587678800023e-01
-7.571122885162513694e-02
-2.741340313807227314e-01
-4.443909733177152654e-01
-5.024499856074866599e-01
8.771383375390306991e-01
6.640379268630358656e-01
-1.416037564614480271e+00
9.227666812650577866e-01
8.967589599880791684e-02
8.318091189132363894e-01
-7.518126963658408046e-01
6.264595484153937521e-01
-1.812965344604144935e+00
1.361626140499654580e+00
-6.770105222807751844e-01
-2.522138038085081635e-01
6.003772307289193533e-01
3.521126416512759816e-01
8.331458611358190103e-01
1.083450161772498699e-01
-1.448445520762639438e+00
4.195857509219842463e-01
-1.487900431081104369e+00
-1.599051534998754631e+00
4.598326894277215970e-01
4.633490346686740952e-02
8.726306504437760792e-01
1.529856809802127682e+00
9.489425237506933231e-01
-3.030693470277058266e-01
-1.171703576042667283e+00
7.282393359705544578e-01
2.404737944626422486e-01
1.306878902347097915e+00
7.047281683913483308e-01
6.448663684365987248e-01
5.231816222175322828e-01
7.698779851163480847e-01
-9.860513493010805153e-01
1.817238394495774179e+00
1.100449305608008244e+00
-5.466373121579752858e-01
-1.829114969697412663e-01
-6.421787492249482199e-01
2.922111399654677699e-01
-7.160128963141234593e-01
9.266487705248049878e-01
1.455029089497201222e-01
1.283485228172680293e+00
-2.124517534264603325e-01
-3.958722973809024603e-01
-4.210730804293179586e-01
1.112888222422279583e+00
4.404844914478648343e-01
9.366239352745947544e-01
1.266357682002074991e+00
-4.265732814520836191e-01
-2.458636007972316406e+00
-7.312247272301303225e-01
-1.920903629469552232e-01
-8.622000910958012021e-01
-1.640052984922202861e-01
-2.703658636705418283e-01
3.783516935744579701e-01
2.312098424440168110e+00
-4.700863151304414678e-01
-7.878520048663222308e-01
-1.530834550910739056e+00
-1.304036046328523879e+00
-1.239834552992914229e+00
-2.120438745721272777e+00
-1.875791535854766101e+00
3.683454228578401102e-01
7.856509849977154625e-01
-8.278042058248422652e-01
1.549047469575427272e+00
-4.964261656125789068e-01
-2.620642122152908593e-01
-1.179042648065963483e+00
7.496346929116314284e-01
-4.875964060285835622e-01
-1.248474851159323551e+00
-3.262441965985369285e-01
1.763107657347702029e+00
-8.982997258849286792e-01
2.763975236752103659e-01
5.759989951249554485e-01
2.129941581727858024e-02
-8.038865489483492111e-01
-1.122701747114076998e+00
8.375247529222459297e-01
-1.577264690270397285e+00
-4.189443108033560903e-01
1.333371310379094732e+00
7.023370449745148791e-01
-7.793493661324647492e-01
6.051483788796803154e-01
-1.141593301920037773e-01
-4.902158100840463550e-01
7.955520076352653458e-01
5.319136591334935327e-01
-7.817758760500400639e-01
-7.470720259572604105e-01
7.001713589763045587e-01
1.772218977645342308e-01
-6.693438668763412869e-01
-8.381161506349800172e-01
-8.892969243278964209e-01
1.559013107038905929e-02
-5.493652915559196215e-01
-7.386522406848093913e-01
-4.889908824560082468e-01
-5.440334842474345844e-01
-1.583792071967051518e+00
6.271675728941064065e-01
-2.315747845240929415e-01
-1.272211945776885456e+00
3.243241124978986645e-01
1.675789194257982229e-01
-3.879570069692235834e-01
-1.434208007148683461e-01
4.468746073338463187e-01
1.208835538098027573e+00
-2.227383739086746584e+00
9.408527060020421828e-02
9.326315025067732911e-01
-1.562363789753211663e+00
-8.778933908557056132e-01
8.048153865928587836e-01
1.987977077239638346e+00
-8.101853586503252602e-01
1.708030313207719697e+00
9.446297017541596119e-01
8.612130423701556126e-01
4.913095624949835316e-01
4.153329810989210835e-01
-8.482622390332863679e-03
-5.637781451512913211e-01
-8.912629454317299027e-01
-1.510945605348092968e+00
-7.164124403664395846e-02
-7.613914077993130802e-02
-1.023198310967022850e+00
-5.369393088290342897e-01
-8.075084766072010423e-02
2.269984802806325197e-01
-1.329720175166610563e+00
1.371527040274459708e+00
-6.490366614081009011e-01
-1.163785412334988001e+00
-1.851098448396705232e+00
-7.483596550145277249e-01
-4.764545438007560807e-01
-8.572604784769342900e-02
1.087387526591460762e+00
-8.501760289116099267e-01
6.594297310563055348e-01
-4.569497878407387248e-03
9.334981918042405125e-02
-4.005150748600739274e-01
3.039352198383064030e-01
1.468266026296979332e+00
1.024173369430925407e+00
2.072006106223848315e-02
5.113615780488577345e-01
5.129082097856572098e-01
-1.686407348234253423e+00
1.108219953133162461e+00
-1.588083830445232048e+00
1.728011895268258602e+00
-5.877244975713222797e-01
3.789751286999160640e-01
5.400741964719005805e-01
-2.243301193562952545e+00
-1.158889398815580396e+00
-1.467230472277540054e-01
1.088687160501057960e+00
1.372096512555733172e+00
9.761650620176681725e-01
-1.273018445328626402e-01
4.229896035076757266e-01
3.472487095534636525e-01
-2.677508415586578483e+00
-7.009546224266589576e-01
-9.478776809473504761e-02
-2.363818741372732124e-01
2.018205422489612211e+00
-2.018850732605609988e+00
8.150692625583546569e-01
-1.920140712938320782e+00
-6.090992837202956478e-01
3.728033123637021773e-01
4.045527069614045512e-01
-9.528547697928484439e-01
1.474867489761561012e-01
1.202901389358525863e+00
