6.346211056305664511e-02
-3.672314772469950639e-01
2.756362208248264722e-01
2.185359312363746032e+00
2.741803178658253626e-01
1.027418409883299910e+00
1.312205291154357356e+00
4.821866440685871336e-01
-7.533868973258562862e-01
-8.616850530154440690e-02
-2.736821604963876609e-01
2.496054749189050362e-02
-5.575722673751919434e-01
1.197162632290846407e+00
-1.793535100509231928e+00
-9.840611982464532170e-01
-1.363069194041690135e+00
4.077095938724787372e-01
6.181966684971872406e-01
3.549963655605286594e-01
4.170378033171012189e-01
1.432723227793502863e-01
1.140839545428902646e+00
9.689635458425001069e-01
1.777817965016716961e+00
-1.442433372891132937e+00
4.497042325711455568e-01
2.578887887173500371e+00
-7.063741238328686833e-01
-1.292743509513425149e-01
1.283640930703320526e+00
8.837901470837213891e-01
-6.466217626432946286e-02
-1.689212821561607569e-01
1.072175924613648412e+00
-7.726862564131045108e-01
1.247900769389676867e+00
2.599354767032588387e-01
-4.761641860128290049e-01
1.572869562967307289e+00
4.386284573177172130e-01
2.136472531726439250e+00
7.220199717232959058e-01
-2.009363908969414414e+00
-5.327761434676695496e-01
-2.637312648886341870e-01
9.091275257776046947e-01
3.605563618900288758e-01
4.304912969045926463e-01
-2.843592338458139634e-01
-6.381552872851437019e-01
-1.373809373381651655e+00
1.595696317448745738e+00
-1.148749867198626928e+00
-7.119747142063933554e-01
7.770283363647187969e-01
-2.035534368944428574e-01
-2.600592717838771106e-01
-3.142231456789478794e-01
-2.977548301892485871e-01
-7.573899484820985351e-02
-2.741340314375935727e-01
-4.443934447767355911e-01
-5.024405077806967101e-01
8.771383521110668324e-01
6.641553218971775197e-01
-1.415591707657522846e+00
9.227666812917471040e-01
8.967659945373437913e-02
8.318091189020868637e-01
-7.527167533462699733e-01
6.264593180907325198e-01
-1.812978859599184478e+00
1.361647830314379748e+00
-6.770105222807942802e-01
-2.520027876545968826e-01
6.003772870373597081e-01
3.521126422179980398e-01
8.330863864397273222e-01
1.083450154482207134e-01
-1.448445520803243847e+00
4.195903235124996966e-01
-1.487900287574597247e+00
-1.599055597529355222e+00
4.598326905041956181e-01
4.633498322971064953e-02
8.726306504388035012e-01
1.529865260498069590e+00
9.494494519069047733e-01
-3.030693468138275226e-01
-1.171704503468286473e+00
7.279974010343430724e-01
2.404731600318199825e-01
1.307308750617353965e+00
7.045607971052395557e-01
6.448660577859784970e-01
5.231816222175332820e-01
7.698780431292303605e-01
-9.860513492751002973e-01
1.817213133275749959e+00
1.100448987988319693e+00
-5.466373121524644718e-01
-1.829114970081807956e-01
-6.421793623241177640e-01
2.922088897618255743e-01
-7.160128986324785227e-01
9.266487721836603741e-01
1.455029089497198447e-01
1.282875279468064234e+00
-2.124517534265065455e-01
-3.958722971560759696e-01
-4.225401395484366662e-01
1.112116297739849546e+00
4.404875081888129373e-01
9.366239354360018643e-01
1.266367146520722020e+00
-4.265732881148884270e-01
-2.458636026631110916e+00
-7.309011554744383465e-01
-1.915210858736733357e-01
-8.622029305034558666e-01
-1.640052985074593461e-01
-2.703658626310697644e-01
3.783516745523971547e-01
2.311379876290185376e+00
-4.700863172813569135e-01
-7.876087869961078125e-01
-1.528543098195936034e+00
-1.304036046328523879e+00
-1.239834552717966165e+00
-2.120438774438887730e+00
-1.874543411114596658e+00
3.683454169881766327e-01
7.856511056751736000e-01
-8.278139305766807343e-01
1.549047466659400962e+00
-4.964261656125789068e-01
-2.620643125684909425e-01
-1.179443918067189401e+00
7.496346910072405612e-01
-4.875508851733629245e-01
-1.248358623574611359e+00
-3.262097807250812220e-01
1.763107458789502369e+00
-8.982996445882053260e-01
2.763930317135378512e-01
5.759989951249719908e-01
2.129946113287105314e-02
-8.038920026796140261e-01
-1.122748326127586349e+00
8.363257783046271765e-01
-1.577265088238008817e+00
-4.189443103060591644e-01
1.333371412630308450e+00
7.023408772783968912e-01
-7.793493661327767219e-01
6.051483788801008679e-01
-1.135666740763750515e-01
-4.902158097982393103e-01
7.982757523871304439e-01
5.319098562172737132e-01
-7.817758082969272770e-01
-7.484729062434516411e-01
7.001712104060646702e-01
1.772218560667342957e-01
-6.687932923949634345e-01
-8.379296765762154209e-01
-8.892969236891040685e-01
1.708138678001668020e-02
-5.493776913075920643e-01
-7.386522406744707725e-01
-4.888916538697988257e-01
-5.440340334987190385e-01
-1.583787272083368558e+00
6.271677780555681148e-01
-2.315747845204923494e-01
-1.272211945776575259e+00
3.243242910477745489e-01
1.675788555892294140e-01
-3.879572381591019359e-01
-1.434208007482274672e-01
4.468746112943831061e-01
1.208836728893488255e+00
-2.227383881888046258e+00
9.408527060020713262e-02
9.326315025072970943e-01
-1.562363787298651996e+00
-8.778935602493144197e-01
8.054507144024372067e-01
1.987977077744414123e+00
-8.101853586529975670e-01
1.707377267920504371e+00
9.445934525116674862e-01
8.612130418592044423e-01
4.920389098649631254e-01
4.153329810863187199e-01
-6.636849167009182746e-03
-5.637781451135601696e-01
-8.912629128647919785e-01
-1.510945605356493360e+00
-7.164124405765258385e-02
-7.613915596235040772e-02
-1.023126057599670569e+00
-5.375648875035737850e-01
-8.085946161079658745e-02
2.270221142380013379e-01
-1.329720189464072222e+00
1.371527040346251169e+00
-6.490366614616591701e-01
-1.163964614112614315e+00
-1.851098821432287211e+00
-7.483596550148513549e-01
-4.769071992016664652e-01
-8.580025500148767692e-02
1.087453193869028389e+00
-8.501762197054296699e-01
6.594297768204991916e-01
-4.566038356360135539e-03
9.334976742329313681e-02
-4.005150748598325094e-01
3.039352270487698515e-01
1.468266040591741151e+00
1.024173369476861328e+00
1.939425328871504511e-02
5.113938770748434059e-01
5.128835841189843814e-01
-1.686399595790453620e+00
1.108193444850659182e+00
-1.587864731191894752e+00
1.728011895261173381e+00
-5.877259138352983747e-01
3.789751286951069664e-01
5.400721842512407056e-01
-2.242851956755357978e+00
-1.158751537312624258e+00
-1.469285194238669212e-01
1.088687160557941125e+00
1.372097693067019231e+00
9.761650803755241856e-01
-1.274422874024404573e-01
4.229902955498099915e-01
3.472481022910612891e-01
-2.677508429630558240e+00
-7.009546224345624132e-01
-9.480037940879670888e-02
-2.364262814318203176e-01
2.018205422489502077e+00
-2.017805670089317438e+00
8.150692353815265356e-01
-1.920124983003532071e+00
-6.090992837176579799e-01
3.728033129815814251e-01
4.043941448097669866e-01
-9.510038838807686190e-01
1.474867814840470914e-01
1.202540838256841660e+00
